       0.146579      0.0185322      -0.364328   -0.000392942    9.38496e-05      0.0006363     0.00110573   -0.000405429    -0.00958588   -0.000111491      0.0264372
      0.0185322      0.0310797     -0.0494112   -1.47978e-06   -7.25732e-06   -0.000150323    0.000246996    0.000179953    -0.00112857   -0.000482518     0.00341029
      -0.364328     -0.0494112        1.00953     0.00194117   -0.000130308    -0.00527338      0.0041448     0.00364281      0.0219027    -0.00417259     -0.0725885
   -0.000392942   -1.47978e-06     0.00194117      0.0427337   -0.000205051      -0.127388    0.000420637    0.000341608    9.82888e-06   -1.95244e-05   -0.000151038
    9.38496e-05   -7.25732e-06   -0.000130308   -0.000205051    0.000255773    0.000684285    4.07727e-05    3.13274e-05   -5.26541e-06   -3.77076e-06   -1.32535e-07
      0.0006363   -0.000150323    -0.00527338      -0.127388    0.000684285       0.392054    -0.00152307    -0.00119448    1.38568e-05    8.94924e-05    0.000420226
     0.00110573    0.000246996      0.0041448    0.000420637    4.07727e-05    -0.00152307      0.0211976    0.000641143    -0.00159439    -0.00112168    0.000556562
   -0.000405429    0.000179953     0.00364281    0.000341608    3.13274e-05    -0.00119448    0.000641143     0.00991571    0.000640449   -0.000845312     -0.0025047
    -0.00958588    -0.00112857      0.0219027    9.82888e-06   -5.26541e-06    1.38568e-05    -0.00159439    0.000640449      0.0119767    1.40565e-05     -0.0325747
   -0.000111491   -0.000482518    -0.00417259   -1.95244e-05   -3.77076e-06    8.94924e-05    -0.00112168   -0.000845312    1.40565e-05     0.00167143    0.000690578
      0.0264372     0.00341029     -0.0725885   -0.000151038   -1.32535e-07    0.000420226    0.000556562     -0.0025047     -0.0325747    0.000690578      0.0980169
